2023 1 1 5 27 спорт 160 EUR
2023 1 2 18 17 здоров'я 574 UAH
2023 1 3 3 9 харчування 983 USD
2023 1 4 2 57 харчування 506 UAH
2023 1 4 3 14 харчування 25 UAH
2023 1 4 3 35 харчування 41 UAH
2023 1 5 0 17 іграшки 448 UAH
2023 1 5 8 51 харчування 38 UAH
2023 1 5 20 48 харчування 28 USD
2023 1 6 0 54 одяг 685 UAH
2023 1 6 19 7 харчування 22 USD
2023 1 6 2 40 харчування 34 UAH
2023 1 7 12 48 здоров'я 451 UAH
2023 1 7 11 10 харчування 33 UAH
2023 1 7 8 11 харчування 24 USD
2023 1 8 12 33 спорт 164 UAH
2023 1 8 17 43 харчування 43 USD
2023 1 8 23 43 книги 23 UAH
2023 1 8 9 42 харчування 39 UAH
2023 1 9 8 14 іграшки 251 USD
2023 1 9 0 27 харчування 38 UAH
2023 1 9 23 49 харчування 41 USD
2023 1 10 5 52 харчування 633 UAH
2023 1 10 5 52 харчування 633 UAH
2023 1 10 11 38 харчування 36 USD
2023 1 10 2 33 харчування 31 UAH
2023 1 11 20 26 одяг 145 UAH
2023 1 11 20 26 одяг 145 UAH
2023 1 11 1 47 харчування 47 UAH
2023 1 11 19 34 харчування 25 UAH
2023 1 12 10 25 косметика 321 UAH
2023 1 12 15 41 харчування 28 UAH
2023 1 12 15 2 харчування 23 USD
2023 1 13 2 10 іграшки 565 USD
2023 1 13 2 14 харчування 42 UAH
2023 1 13 4 28 харчування 34 UAH
2023 1 14 10 38 здоров'я 573 EUR
2023 1 14 20 48 харчування 30 UAH
2023 1 14 19 46 харчування 47 USD
2023 1 15 16 52 книги 264 USD
2023 1 15 18 48 харчування 38 UAH
2023 1 15 16 49 харчування 34 UAH
2023 1 16 18 56 меблі 98 UAH
2023 1 16 6 8 харчування 46 UAH
2023 1 16 8 55 харчування 35 USD
2023 1 17 12 59 косметика 320 UAH
2023 1 17 23 14 харчування 43 UAH
2023 1 17 1 3 харчування 20 USD
2023 1 18 6 12 спорт 63 USD
2023 1 18 2 34 харчування 28 UAH
2023 1 18 3 24 харчування 32 UAH
2023 1 19 17 14 харчування 977 UAH
2023 1 19 23 36 харчування 48 UAH
2023 1 19 21 3 харчування 20 UAH
2023 1 20 0 49 одяг 410 UAH
2023 1 20 0 49 одяг 410 UAH
2023 1 20 4 37 харчування 20 USD
2023 1 20 22 37 харчування 27 UAH
2023 1 21 7 45 іграшки 595 USD
2023 1 21 7 45 іграшки 595 USD
2023 1 21 7 16 харчування 38 UAH
2023 1 21 3 20 харчування 36 UAH
2023 1 22 0 39 іграшки 322 EUR
2023 1 22 18 11 харчування 28 UAH
2023 1 22 7 18 харчування 41 USD
2023 1 23 4 22 здоров'я 811 EUR
2023 1 23 20 49 харчування 34 UAH
2023 1 23 22 40 харчування 39 UAH
2023 1 24 8 46 здоров'я 472 USD
2023 1 24 3 35 косметика 901 USD
2023 1 24 23 43 косметика 534 UAH
2023 1 25 02 29 харчування 26 UAH
2023 1 25 10 13 здоров'я 782 UAH
2023 1 25 09 18 книги 520 UAH
2023 1 26 13 56 спорт 862 USD
2023 1 26 15 59 здоров'я 385 UAH
2023 1 26 19 37 спорт 871 UAH
2023 1 27 08 14 харчування 26 UAH
2023 1 27 04 17 книги 737 USD
2023 1 27 22 53 іграшки 955 USD
2023 1 28 14 47 харчування 20 UAH
2023 1 28 19 32 косметика 309  UAH
2023 1 28 16 25 косметика 567 USD
2023 1 29 06 29 іграшки 697 UAH
2023 1 29 02 17 меблі 994 USD
2023 1 29 17 51 одяг 479 UAH
2023 1 30 06 11 одяг 420 USD
2023 1 30 21 19 харчування 24 UAH
2023 1 30 18 21 меблі 392 UAH
2023 1 30 14 33 здоров'я 766 USD
2023 1 31 12 49 книги 472 UAH
2023 1 31 13 55 харчування 38 USD
2023 1 31 19 35 меблі 331 UAH
2023 1 31 05 44 косметика 840 USD
